0.236637 0
0.236637 0
0.267887 1
0.267887 1
0.299137 2
0.299137 2
0.330387 3
0.330387 3
0.361637 4
0.361637 4
0.392887 5
0.392887 5
0.410153 0
0.424137 6
0.424137 0
0.441403 1
0.455387 7
0.455387 6
0.472653 2
0.486637 8
0.486637 1
0.503903 3
0.517887 9
0.517887 7
0.535153 4
0.549137 10
0.549137 2
0.566403 5
0.580387 11
0.580387 8
0.597653 6
0.611637 12
0.611637 3
0.628903 7
0.642887 13
0.642887 9
0.660153 8
0.674137 14
0.674137 4
0.691403 9
0.705387 15
0.705387 10
0.722653 10
0.736637 16
0.736637 5
0.753903 11
0.767887 17
0.767887 11
0.785153 12
0.799137 18
0.799137 6
0.816403 13
0.830387 19
0.830387 12
0.847653 14
0.861637 20
0.861637 7
0.878903 15
0.892887 21
0.892887 13
0.910153 16
0.924137 22
0.924137 8
0.941403 17
0.955387 23
0.955387 14
0.972653 18
0.986637 24
0.986637 9
1.003903 19
1.017887 25
1.017887 15
1.035153 20
1.049137 26
1.049137 10
1.066403 21
1.080387 27
1.080387 16
1.097653 22
1.111637 28
1.111637 11
1.128903 23
1.142887 29
1.142887 17
1.160153 24
1.174137 30
1.174137 12
1.191403 25
1.205387 31
1.205387 18
1.222653 26
1.236637 32
1.236637 13
1.253903 27
1.267887 33
1.267887 14
1.285153 28
1.299137 34
1.299137 15
1.316403 29
1.330387 16
1.347653 30
1.361637 17
1.378903 31
1.392887 18
1.410153 32
1.424137 19
1.441403 33
1.455387 20
1.472653 34
1.486637 21
1.503903 35
1.517887 22
1.529911 35
1.535153 36
1.549137 23
1.561161 36
1.566403 37
1.580387 24
1.592411 37
1.597653 38
1.611637 25
1.623661 38
1.628903 39
1.642887 26
1.654911 39
1.660153 40
1.674137 27
1.686161 40
1.691403 41
1.705387 28
1.717411 41
1.722653 42
1.736637 29
1.753903 43
1.767887 30
1.785153 44
1.799137 31
1.816403 45
1.82192 42
1.830387 32
1.847653 46
1.861637 33
1.878903 47
1.892887 34
1.910153 48
1.924137 35
1.938068 43
1.941403 49
1.955387 35
1.969318 44
1.972653 0
1.986637 36
2.000568 45
2.003903 1
2.017887 37
2.031818 46
2.035153 2
2.049137 38
2.063068 47
2.066403 3
2.080387 39
2.094318 48
2.097653 4
2.111637 40
2.128903 5
2.142887 41
2.160153 6
2.174137 43
2.191403 7
2.205387 44
2.222653 8
2.236637 45
2.253903 9
2.265622 49
2.267887 46
2.285153 10
2.299137 47
2.316403 11
2.319439 0
2.330387 48
2.347653 12
2.361637 43
2.378903 13
2.392887 44
2.410153 14
2.424137 45
2.436689 1
2.441403 15
2.455387 46
2.467939 2
2.472653 16
2.486637 47
2.499189 3
2.503903 17
2.517887 48
2.530439 4
2.535153 18
2.549137 5
2.561689 5
2.566403 19
2.580387 6
2.597653 20
2.611637 7
2.628903 21
2.642887 8
2.660153 22
2.674137 9
2.691403 23
2.705387 10
2.722653 24
2.736637 11
2.753903 25
2.767887 12
2.785153 26
2.799137 13
2.816403 27
2.830387 14
2.847653 28
2.861637 1
2.878903 29
2.892887 2
2.910153 30
2.924137 3
2.941403 31
2.955387 4
2.972653 32
2.986637 5
